  25.00000	  25.00078	  25.00160	  25.00251	  25.00358	  25.00493	  25.00679	  25.00968	  25.01518	  25.03115	 180.00000
  25.00000	  25.00000	  25.00000	  25.00000	  25.00000	  25.00009	  25.00982	  25.41847	  32.05254	  74.18313	 180.00000
  25.00000	  25.00000	  25.00000	  25.00012	  25.00342	  25.06308	  25.72505	  30.25370	  49.38138	  99.32252	 180.00000
  25.00000	  25.00003	  25.00060	  25.00823	  25.08246	  25.60332	  28.24281	  37.90600	  63.47303	 112.37394	 180.00000
  25.00000	  25.00105	  25.00982	  25.07212	  25.41847	  26.92500	  32.05254	  45.71023	  74.18313	 120.64664	 180.00000
  25.00000	  25.00870	  25.05371	  25.27049	  26.13001	  28.92883	  36.41393	  52.85544	  82.51947	 126.48173	 180.00000
  25.00000	  25.03588	  25.16893	  25.66133	  27.21741	  31.39016	  40.88292	  59.20406	  89.20351	 130.87917	 180.00000
  25.00000	  25.09882	  25.38613	  26.26326	  28.61802	  34.11116	  45.23835	  64.81008	  94.70223	 134.34583	 180.00000
  25.00000	  25.21112	  25.72162	  27.06522	  30.25359	  36.95046	  49.38137	  69.77088	  99.32252	 137.16941	 180.00000
  25.00000	  25.38038	  26.17760	  28.04048	  32.05207	  39.81492	  53.27546	  74.18313	 103.27269	 139.52682	 180.00000
  25.00000	  25.60796	  26.74596	  29.15668	  33.95435	  42.64585	  56.91493	  78.13115	 106.69883	 141.53359	 180.00000
  25.00000	  25.89040	  27.41251	  30.38157	  35.91450	  45.40760	  60.30878	  81.68536	 109.70650	 143.26881	 180.00000
  25.00000	  26.22118	  28.16035	  31.68565	  37.89777	  48.07946	  63.47243	  84.90367	 112.37391	 144.78864	 180.00000
  25.00000	  26.59231	  28.97206	  33.04328	  39.87831	  50.65034	  66.42350	  87.83361	 114.76037	 146.13423	 180.00000
  25.00000	  26.99539	  29.83116	  34.43281	  41.83713	  53.11517	  69.17971	  90.51424	 116.91168	 147.33649	 180.00000
  25.00000	  27.42235	  30.72281	  35.83636	  43.76037	  55.47270	  71.75784	  92.97783	 118.86386	 148.41914	 180.00000
  25.00000	  27.86586	  31.63407	  37.23946	  45.63812	  57.72402	  74.17331	  95.25117	 120.64559	 149.40075	 180.00000
  25.00000	  28.31950	  32.55404	  38.63052	  47.46338	  59.87162	  76.44005	  97.35662	 122.28005	 150.29602	 180.00000
  25.00000	  28.77781	  33.47365	  40.00045	  49.23143	  61.91881	  78.57050	  99.31299	 123.78615	 151.11683	 180.00000
  25.00000	  29.23624	  34.38556	  41.34223	  50.93920	  63.86936	  80.57579	 101.13617	 125.17949	 151.87280	 180.00000
  25.00000	  29.69108	  35.28393	  42.65054	  52.58494	  65.72722	  82.46576	 102.83965	 126.47303	 152.57188	 180.00000
  25.00000	  30.13938	  36.16416	  43.92149	  54.16791	  67.49642	  84.24920	 104.43499	 127.67765	 153.22067	 180.00000
  25.00000	  30.57882	  37.02277	  45.15233	  55.68808	  69.18094	  85.93394	 105.93210	 128.80255	 153.82467	 180.00000
  25.00000	  31.00761	  37.85717	  46.34124	  57.14602	  70.78468	  87.52697	 107.33960	 129.85553	 154.38855	 180.00000
  25.00000	  31.42443	  38.66551	  47.48716	  58.54274	  72.31140	  89.03458	 108.66494	 130.84329	 154.91627	 180.00000
  25.00000	  31.82833	  39.44655	  48.58961	  59.87954	  73.76475	  90.46241	 109.91467	 131.77161	 155.41120	 180.00000
  25.00000	  32.21868	  40.19954	  49.64859	  61.15799	  75.14820	  91.81557	 111.09456	 132.64551	 155.87627	 180.00000
  25.00000	  32.59508	  40.92415	  50.66449	  62.37980	  76.46510	  93.09873	 112.20970	 133.46936	 156.31401	 180.00000
  25.00000	  32.95735	  41.62033	  51.63796	  63.54682	  77.71862	  94.31610	 113.26464	 134.24701	 156.72662	 180.00000
  25.00000	  33.30545	  42.28830	  52.56988	  64.66096	  78.91181	  95.47157	 114.26344	 134.98186	 157.11606	 180.00000
  25.00000	  33.63949	  42.92848	  53.46131	  65.72417	  80.04756	  96.56871	 115.20976	 135.67693	 157.48402	 180.00000
  25.00000	  33.95965	  43.54142	  54.31341	  66.73842	  81.12863	  97.61080	 116.10692	 136.33493	 157.83204	 180.00000
  25.00000	  34.26622	  44.12779	  55.12742	  67.70565	  82.15766	  98.60089	 116.95792	 136.95828	 158.16147	 180.00000
  25.00000	  34.55953	  44.68834	  55.90467	  68.62781	  83.13714	  99.54182	 117.76553	 137.54920	 158.47353	 180.00000
  25.00000	  34.83993	  45.22389	  56.64648	  69.50680	  84.06946	 100.43622	 118.53226	 138.10968	 158.76934	 180.00000
  25.00000	  35.10785	  45.73529	  57.35420	  70.34448	  84.95689	 101.28654	 119.26044	 138.64153	 159.04990	 180.00000
  25.00000	  35.36369	  46.22340	  58.02918	  71.14265	  85.80159	 102.09509	 119.95222	 139.14644	 159.31612	 180.00000
  25.00000	  35.60789	  46.68910	  58.67276	  71.90307	  86.60562	 102.86403	 120.60959	 139.62593	 159.56884	 180.00000
  25.00000	  35.84089	  47.13329	  59.28626	  72.62743	  87.37094	 103.59538	 121.23440	 140.08143	 159.80884	 180.00000
  25.00000	  36.06313	  47.55683	  59.87096	  73.31738	  88.09941	 104.29107	 121.82839	 140.51426	 160.03682	 180.00000
  25.00000	  36.27504	  47.96058	  60.42811	  73.97447	  88.79280	 104.95288	 122.39317	 140.92564	 160.25344	 180.00000
  25.00000	  36.47706	  48.34539	  60.95894	  74.60024	  89.45280	 105.58251	 122.93025	 141.31671	 160.45933	 180.00000
  25.00000	  36.66960	  48.71208	  61.46461	  75.19613	  90.08103	 106.18158	 123.44107	 141.68854	 160.65505	 180.00000
  25.00000	  36.85308	  49.06146	  61.94628	  75.76354	  90.67900	 106.75159	 123.92695	 142.04213	 160.84114	 180.00000
  25.00000	  37.02790	  49.39428	  62.40502	  76.30379	  91.24819	 107.29399	 124.38916	 142.37842	 161.01810	 180.00000
  25.00000	  37.19444	  49.71131	  62.84191	  76.81817	  91.78996	 107.81012	 124.82889	 142.69829	 161.18639	 180.00000
  25.00000	  37.35308	  50.01326	  63.25794	  77.30790	  92.30565	 108.30130	 125.24725	 143.00257	 161.34647	 180.00000
  25.00000	  37.50417	  50.30082	  63.65410	  77.77415	  92.79651	 108.76872	 125.64533	 143.29205	 161.49875	 180.00000
  25.00000	  37.64806	  50.57466	  64.03131	  78.21802	  93.26374	 109.21357	 126.02410	 143.56746	 161.64361	 180.00000
  25.00000	  37.78509	  50.83542	  64.39046	  78.64058	  93.70846	 109.63693	 126.38454	 143.82951	 161.78144	 180.00000
  25.00000	  37.91558	  51.08371	  64.73239	  79.04285	  94.13178	 110.03985	 126.72754	 144.07886	 161.91258	 180.00000
  25.00000	  38.03982	  51.32011	  65.05794	  79.42579	  94.53471	 110.42333	 127.05395	 144.31613	 162.03736	 180.00000
  25.00000	  38.15812	  51.54519	  65.36786	  79.79033	  94.91824	 110.78831	 127.36459	 144.54192	 162.15610	 180.00000
  25.00000	  38.27075	  51.75947	  65.66291	  80.13734	  95.28330	 111.13568	 127.66023	 144.75679	 162.26909	 180.00000
  25.00000	  38.37798	  51.96348	  65.94379	  80.46767	  95.63079	 111.46631	 127.94159	 144.96128	 162.37662	 180.00000
  25.00000	  38.48006	  52.15770	  66.21118	  80.78212	  95.96154	 111.78100	 128.20937	 145.15589	 162.47895	 180.00000
  25.00000	  38.57725	  52.34259	  66.46572	  81.08144	  96.27637	 112.08052	 128.46424	 145.34110	 162.57633	 180.00000
  25.00000	  38.66977	  52.51859	  66.70803	  81.36636	  96.57604	 112.36560	 128.70681	 145.51737	 162.66902	 180.00000
  25.00000	  38.75785	  52.68614	  66.93868	  81.63757	  96.86128	 112.63695	 128.93768	 145.68514	 162.75723	 180.00000
  25.00000	  38.84169	  52.84564	  67.15824	  81.89573	  97.13279	 112.89522	 129.15742	 145.84482	 162.84119	 180.00000
  25.00000	  38.92151	  52.99747	  67.36725	  82.14147	  97.39122	 113.14105	 129.36657	 145.99680	 162.92109	 180.00000
  25.00000	  38.99749	  53.14200	  67.56619	  82.37538	  97.63721	 113.37504	 129.56564	 146.14144	 162.99714	 180.00000
  25.00000	  39.06981	  53.27958	  67.75557	  82.59803	  97.87135	 113.59775	 129.75512	 146.27912	 163.06953	 180.00000
  25.00000	  39.13865	  53.41053	  67.93584	  82.80997	  98.09422	 113.80974	 129.93546	 146.41016	 163.13842	 180.00000
  25.00000	  39.20419	  53.53519	  68.10743	  83.01171	  98.30636	 114.01152	 130.10712	 146.53489	 163.20400	 180.00000
  25.00000	  39.26657	  53.65385	  68.27076	  83.20373	  98.50828	 114.20358	 130.27051	 146.65360	 163.26641	 180.00000
  25.00000	  39.32595	  53.76681	  68.42623	  83.38651	  98.70049	 114.38638	 130.42603	 146.76660	 163.32582	 180.00000
  25.00000	  39.38247	  53.87432	  68.57422	  83.56049	  98.88343	 114.56039	 130.57405	 146.87415	 163.38237	 180.00000
  25.00000	  39.43627	  53.97666	  68.71509	  83.72610	  99.05757	 114.72601	 130.71495	 146.97652	 163.43619	 180.00000
  25.00000	  39.48749	  54.07408	  68.84917	  83.88373	  99.22333	 114.88366	 130.84906	 147.07396	 163.48742	 180.00000
  25.00000	  39.53624	  54.16680	  68.97680	  84.03378	  99.38110	 115.03372	 130.97671	 147.16671	 163.53618	 180.00000
  25.00000	  39.58264	  54.25507	  69.09829	  84.17660	  99.53127	 115.17655	 131.09821	 147.25499	 163.58259	 180.00000
  25.00000	  39.62681	  54.33908	  69.21393	  84.31254	  99.67422	 115.31250	 131.21386	 147.33902	 163.62677	 180.00000
  25.00000	  39.66885	  54.41905	  69.32400	  84.44194	  99.81028	 115.44191	 131.32395	 147.41900	 163.66882	 180.00000
  25.00000	  39.70887	  54.49517	  69.42877	  84.56511	  99.93979	 115.56508	 131.42873	 147.49513	 163.70884	 180.00000
  25.00000	  39.74696	  54.56762	  69.52850	  84.68235	 100.06307	 115.68233	 131.52846	 147.56759	 163.74694	 180.00000
  25.00000	  39.78321	  54.63659	  69.62342	  84.79394	 100.18040	 115.79392	 131.62339	 147.63656	 163.78320	 180.00000
  25.00000	  39.81773	  54.70224	  69.71378	  84.90016	 100.29209	 115.90015	 131.71375	 147.70221	 163.81771	 180.00000
  25.00000	  39.85058	  54.76472	  69.79978	  85.00127	 100.39840	 116.00126	 131.79976	 147.76470	 163.85057	 180.00000
  25.00000	  39.88185	  54.82420	  69.88165	  85.09751	 100.49960	 116.09750	 131.88163	 147.82418	 163.88184	 180.00000
  25.00000	  39.91161	  54.88081	  69.95957	  85.18911	 100.59592	 116.18911	 131.95956	 147.88080	 163.91160	 180.00000
  25.00000	  39.93994	  54.93470	  70.03374	  85.27631	 100.68760	 116.27630	 132.03373	 147.93469	 163.93993	 180.00000
  25.00000	  39.96691	  54.98600	  70.10434	  85.35930	 100.77487	 116.35930	 132.10433	 147.98599	 163.96690	 180.00000
  25.00000	  39.99258	  55.03482	  70.17154	  85.43830	 100.85793	 116.43830	 132.17154	 148.03481	 163.99257	 180.00000
  25.00000	  40.01701	  55.08129	  70.23551	  85.51350	 100.93700	 116.51349	 132.23550	 148.08129	 164.01700	 180.00000
  25.00000	  40.04026	  55.12553	  70.29639	  85.58507	 101.01226	 116.58507	 132.29639	 148.12552	 164.04026	 180.00000
  25.00000	  40.06240	  55.16763	  70.35435	  85.65320	 101.08389	 116.65320	 132.35434	 148.16763	 164.06240	 180.00000
  25.00000	  40.08347	  55.20771	  70.40951	  85.71805	 101.15208	 116.71805	 132.40951	 148.20771	 164.08347	 180.00000
  25.00000	  40.10353	  55.24586	  70.46202	  85.77978	 101.21698	 116.77977	 132.46201	 148.24586	 164.10352	 180.00000
  25.00000	  40.12262	  55.28217	  70.51200	  85.83853	 101.27876	 116.83853	 132.51199	 148.28217	 164.12261	 180.00000
  25.00000	  40.14079	  55.31674	  70.55957	  85.89446	 101.33756	 116.89445	 132.55957	 148.31673	 164.14079	 180.00000
  25.00000	  40.15808	  55.34964	  70.60485	  85.94769	 101.39353	 116.94769	 132.60485	 148.34963	 164.15808	 180.00000
  25.00000	  40.17455	  55.38095	  70.64795	  85.99836	 101.44681	 116.99836	 132.64795	 148.38095	 164.17455	 180.00000
  25.00000	  40.19022	  55.41076	  70.68898	  86.04659	 101.49752	 117.04659	 132.68898	 148.41076	 164.19022	 180.00000
  25.00000	  40.20513	  55.43913	  70.72803	  86.09249	 101.54579	 117.09249	 132.72803	 148.43913	 164.20513	 180.00000
  25.00000	  40.21933	  55.46614	  70.76520	  86.13619	 101.59174	 117.13619	 132.76520	 148.46614	 164.21933	 180.00000
  25.00000	  40.23285	  55.49184	  70.80058	  86.17778	 101.63547	 117.17778	 132.80058	 148.49184	 164.23284	 180.00000
  25.00000	  40.24571	  55.51631	  70.83426	  86.21737	 101.67710	 117.21737	 132.83426	 148.51631	 164.24571	 180.00000
  25.00000	  40.25795	  55.53960	  70.86631	  86.25506	 101.71672	 117.25506	 132.86631	 148.53960	 164.25795	 180.00000
  25.00000	  40.26961	  55.56177	  70.89682	  86.29092	 101.75443	 117.29092	 132.89682	 148.56177	 164.26961	 180.00000
  25.00000	  40.28070	  55.58287	  70.92587	  86.32507	 101.79033	 117.32507	 132.92587	 148.58287	 164.28070	 180.00000
  25.00000	  40.29126	  55.60295	  70.95351	  86.35757	 101.82450	 117.35756	 132.95351	 148.60295	 164.29126	 180.00000
  25.00000	  40.30131	  55.62207	  70.97983	  86.38850	 101.85703	 117.38850	 132.97983	 148.62207	 164.30131	 180.00000
  25.00000	  40.31088	  55.64027	  71.00487	  86.41794	 101.88799	 117.41794	 133.00487	 148.64027	 164.31088	 180.00000
  25.00000	  40.31998	  55.65759	  71.02871	  86.44597	 101.91746	 117.44597	 133.02871	 148.65759	 164.31998	 180.00000
  25.00000	  40.32865	  55.67408	  71.05141	  86.47265	 101.94551	 117.47265	 133.05141	 148.67408	 164.32865	 180.00000
  25.00000	  40.33690	  55.68977	  71.07301	  86.49804	 101.97221	 117.49804	 133.07301	 148.68977	 164.33690	 180.00000
  25.00000	  40.34476	  55.70471	  71.09357	  86.52221	 101.99762	 117.52221	 133.09356	 148.70471	 164.34476	 180.00000
  25.00000	  40.35223	  55.71893	  71.11313	  86.54521	 102.02181	 117.54521	 133.11313	 148.71893	 164.35223	 180.00000
  25.00000	  40.35935	  55.73246	  71.13176	  86.56711	 102.04483	 117.56711	 133.13176	 148.73246	 164.35935	 180.00000
  25.00000	  40.36612	  55.74534	  71.14949	  86.58795	 102.06675	 117.58795	 133.14949	 148.74534	 164.36612	 180.00000
  25.00000	  40.37256	  55.75760	  71.16637	  86.60779	 102.08761	 117.60779	 133.16637	 148.75760	 164.37256	 180.00000
  25.00000	  40.37870	  55.76928	  71.18243	  86.62668	 102.10747	 117.62668	 133.18243	 148.76928	 164.37870	 180.00000
  25.00000	  40.38454	  55.78038	  71.19773	  86.64465	 102.12637	 117.64465	 133.19773	 148.78038	 164.38454	 180.00000
  25.00000	  40.39010	  55.79096	  71.21228	  86.66176	 102.14436	 117.66176	 133.21228	 148.79096	 164.39010	 180.00000
  25.00000	  40.39539	  55.80102	  71.22613	  86.67805	 102.16148	 117.67805	 133.22613	 148.80102	 164.39539	 180.00000
  25.00000	  40.40043	  55.81061	  71.23932	  86.69355	 102.17778	 117.69355	 133.23932	 148.81061	 164.40043	 180.00000
