  25.00000	  25.00000	  25.00000	  25.00000	  25.00000	  25.00000	  25.00000	  25.00000	  25.00000	  25.00000	 180.00000
  25.00000	  25.00000	  25.00000	  25.00000	  25.00000	  25.00000	  25.00000	  25.00000	  25.00000	 102.50000	 180.00000
  25.00000	  25.00000	  25.00000	  25.00000	  25.00000	  25.00000	  25.00000	  25.00000	  63.75000	 102.50000	 180.00000
  25.00000	  25.00000	  25.00000	  25.00000	  25.00000	  25.00000	  25.00000	  44.37500	  63.75000	 121.87500	 180.00000
  25.00000	  25.00000	  25.00000	  25.00000	  25.00000	  25.00000	  34.68750	  44.37500	  83.12500	 121.87500	 180.00000
  25.00000	  25.00000	  25.00000	  25.00000	  25.00000	  29.84375	  34.68750	  58.90625	  83.12500	 131.56250	 180.00000
  25.00000	  25.00000	  25.00000	  25.00000	  27.42188	  29.84375	  44.37500	  58.90625	  95.23438	 131.56250	 180.00000
  25.00000	  25.00000	  25.00000	  26.21094	  27.42188	  35.89844	  44.37500	  69.80469	  95.23438	 137.61719	 180.00000
  25.00000	  25.00000	  25.60547	  26.21094	  31.05469	  35.89844	  52.85156	  69.80469	 103.71094	 137.61719	 180.00000
  25.00000	  25.30273	  25.60547	  28.33008	  31.05469	  41.95312	  52.85156	  78.28125	 103.71094	 141.85547	 180.00000
  25.00000	  25.30273	  26.81641	  28.33008	  35.14160	  41.95312	  60.11719	  78.28125	 110.06836	 141.85547	 180.00000
  25.00000	  25.90820	  26.81641	  30.97900	  35.14160	  47.62939	  60.11719	  85.09277	 110.06836	 145.03418	 180.00000
  25.00000	  25.90820	  28.44360	  30.97900	  39.30420	  47.62939	  66.36108	  85.09277	 115.06348	 145.03418	 180.00000
  25.00000	  26.72180	  28.44360	  33.87390	  39.30420	  52.83264	  66.36108	  90.71228	 115.06348	 147.53174	 180.00000
  25.00000	  26.72180	  30.29785	  33.87390	  43.35327	  52.83264	  71.77246	  90.71228	 119.12201	 147.53174	 180.00000
  25.00000	  27.64893	  30.29785	  36.82556	  43.35327	  57.56287	  71.77246	  95.44724	 119.12201	 149.56100	 180.00000
  25.00000	  27.64893	  32.23724	  36.82556	  47.19421	  57.56287	  76.50505	  95.44724	 122.50412	 149.56100	 180.00000
  25.00000	  28.61862	  32.23724	  39.71573	  47.19421	  61.84963	  76.50505	  99.50459	 122.50412	 151.25206	 180.00000
  25.00000	  28.61862	  34.16718	  39.71573	  50.78268	  61.84963	  80.67711	  99.50459	 125.37832	 151.25206	 180.00000
  25.00000	  29.58359	  34.16718	  42.47493	  50.78268	  65.72989	  80.67711	 103.02772	 125.37832	 152.68916	 180.00000
  25.00000	  29.58359	  36.02926	  42.47493	  54.10241	  65.72989	  84.37881	 103.02772	 127.85844	 152.68916	 180.00000
  25.00000	  30.51463	  36.02926	  45.06583	  54.10241	  69.24061	  84.37881	 106.11862	 127.85844	 153.92922	 180.00000
  25.00000	  30.51463	  37.79023	  45.06583	  57.15322	  69.24061	  87.67962	 106.11862	 130.02392	 153.92922	 180.00000
  25.00000	  31.39512	  37.79023	  47.47173	  57.15322	  72.41642	  87.67962	 108.85177	 130.02392	 155.01196	 180.00000
  25.00000	  31.39512	  39.43342	  47.47173	  59.94407	  72.41642	  90.63409	 108.85177	 131.93186	 155.01196	 180.00000
  25.00000	  32.21671	  39.43342	  49.68875	  59.94407	  75.28908	  90.63409	 111.28298	 131.93186	 155.96593	 180.00000
  25.00000	  32.21671	  40.95273	  49.68875	  62.48891	  75.28908	  93.28603	 111.28298	 133.62446	 155.96593	 180.00000
  25.00000	  32.97636	  40.95273	  51.72082	  62.48891	  77.88747	  93.28603	 113.45524	 133.62446	 156.81223	 180.00000
  25.00000	  32.97636	  42.34859	  51.72082	  64.80415	  77.88747	  95.67136	 113.45524	 135.13374	 156.81223	 180.00000
  25.00000	  33.67430	  42.34859	  53.57637	  64.80415	  80.23775	  95.67136	 115.40255	 135.13374	 157.56687	 180.00000
  25.00000	  33.67430	  43.62533	  53.57637	  66.90706	  80.23775	  97.82015	 115.40255	 136.48471	 157.56687	 180.00000
  25.00000	  34.31267	  43.62533	  55.26620	  66.90706	  82.36361	  97.82015	 117.15243	 136.48471	 158.24235	 180.00000
  25.00000	  34.31267	  44.78943	  55.26620	  68.81490	  82.36361	  99.75802	 117.15243	 137.69739	 158.24235	 180.00000
  25.00000	  34.89472	  44.78943	  56.80217	  68.81490	  84.28646	  99.75802	 118.72770	 137.69739	 158.84870	 180.00000
  25.00000	  34.89472	  45.84844	  56.80217	  70.54431	  84.28646	 101.50708	 118.72770	 138.78820	 158.84870	 180.00000
  25.00000	  35.42422	  45.84844	  58.19638	  70.54431	  86.02570	 101.50708	 120.14764	 138.78820	 159.39410	 180.00000
  25.00000	  35.42422	  46.81030	  58.19638	  72.11104	  86.02570	 103.08667	 120.14764	 139.77087	 159.39410	 180.00000
  25.00000	  35.90515	  46.81030	  59.46067	  72.11104	  87.59885	 103.08667	 121.42877	 139.77087	 159.88544	 180.00000
  25.00000	  35.90515	  47.68291	  59.46067	  73.52976	  87.59885	 104.51381	 121.42877	 140.65710	 159.88544	 180.00000
  25.00000	  36.34145	  47.68291	  60.60633	  73.52976	  89.02179	 104.51381	 122.58546	 140.65710	 160.32855	 180.00000
  25.00000	  36.34145	  48.47389	  60.60633	  74.81406	  89.02179	 105.80362	 122.58546	 141.45700	 160.32855	 180.00000
  25.00000	  36.73695	  48.47389	  61.64398	  74.81406	  90.30884	 105.80362	 123.63031	 141.45700	 160.72850	 180.00000
  25.00000	  36.73695	  49.19046	  61.64398	  75.97641	  90.30884	 106.96958	 123.63031	 142.17941	 160.72850	 180.00000
  25.00000	  37.09523	  49.19046	  62.58344	  75.97641	  91.47299	 106.96958	 124.57449	 142.17941	 161.08970	 180.00000
  25.00000	  37.09523	  49.83933	  62.58344	  77.02821	  91.47299	 108.02374	 124.57449	 142.83210	 161.08970	 180.00000
  25.00000	  37.41967	  49.83933	  63.43377	  77.02821	  92.52598	 108.02374	 125.42792	 142.83210	 161.41605	 180.00000
  25.00000	  37.41967	  50.42672	  63.43377	  77.97988	  92.52598	 108.97695	 125.42792	 143.42198	 161.41605	 180.00000
  25.00000	  37.71336	  50.42672	  64.20330	  77.97988	  93.47841	 108.97695	 126.19947	 143.42198	 161.71099	 180.00000
  25.00000	  37.71336	  50.95833	  64.20330	  78.84086	  93.47841	 109.83894	 126.19947	 143.95523	 161.71099	 180.00000
  25.00000	  37.97916	  50.95833	  64.89959	  78.84086	  94.33990	 109.83894	 126.89708	 143.95523	 161.97761	 180.00000
  25.00000	  37.97916	  51.43938	  64.89959	  79.61974	  94.33990	 110.61849	 126.89708	 144.43735	 161.97761	 180.00000
  25.00000	  38.21969	  51.43938	  65.52956	  79.61974	  95.11912	 110.61849	 127.52792	 144.43735	 162.21867	 180.00000
  25.00000	  38.21969	  51.87463	  65.52956	  80.32434	  95.11912	 111.32352	 127.52792	 144.87330	 162.21867	 180.00000
  25.00000	  38.43731	  51.87463	  66.09948	  80.32434	  95.82393	 111.32352	 128.09841	 144.87330	 162.43665	 180.00000
  25.00000	  38.43731	  52.26840	  66.09948	  80.96171	  95.82393	 111.96117	 128.09841	 145.26753	 162.43665	 180.00000
  25.00000	  38.63420	  52.26840	  66.61505	  80.96171	  96.46144	 111.96117	 128.61435	 145.26753	 162.63376	 180.00000
  25.00000	  38.63420	  52.62463	  66.61505	  81.53824	  96.46144	 112.53789	 128.61435	 145.62406	 162.63376	 180.00000
  25.00000	  38.81231	  52.62463	  67.08144	  81.53824	  97.03807	 112.53789	 129.08097	 145.62406	 162.81203	 180.00000
  25.00000	  38.81231	  52.94687	  67.08144	  82.05975	  97.03807	 113.05952	 129.08097	 145.94650	 162.81203	 180.00000
  25.00000	  38.97344	  52.94687	  67.50331	  82.05975	  97.55964	 113.05952	 129.50301	 145.94650	 162.97325	 180.00000
  25.00000	  38.97344	  53.23837	  67.50331	  82.53147	  97.55964	 113.53132	 129.50301	 146.23813	 162.97325	 180.00000
  25.00000	  39.11919	  53.23837	  67.88492	  82.53147	  98.03140	 113.53132	 129.88473	 146.23813	 163.11907	 180.00000
  25.00000	  39.11919	  53.50206	  67.88492	  82.95816	  98.03140	 113.95806	 129.88473	 146.50190	 163.11907	 180.00000
  25.00000	  39.25103	  53.50206	  68.23011	  82.95816	  98.45811	 113.95806	 130.22998	 146.50190	 163.25095	 180.00000
  25.00000	  39.25103	  53.74057	  68.23011	  83.34411	  98.45811	 114.34405	 130.22998	 146.74046	 163.25095	 180.00000
  25.00000	  39.37028	  53.74057	  68.54234	  83.34411	  98.84408	 114.34405	 130.54226	 146.74046	 163.37023	 180.00000
  25.00000	  39.37028	  53.95631	  68.54234	  83.69321	  98.84408	 114.69317	 130.54226	 146.95624	 163.37023	 180.00000
  25.00000	  39.47816	  53.95631	  68.82476	  83.69321	  99.19319	 114.69317	 130.82471	 146.95624	 163.47812	 180.00000
  25.00000	  39.47816	  54.15146	  68.82476	  84.00897	  99.19319	 115.00895	 130.82471	 147.15141	 163.47812	 180.00000
  25.00000	  39.57573	  54.15146	  69.08022	  84.00897	  99.50896	 115.00895	 131.08018	 147.15141	 163.57571	 180.00000
  25.00000	  39.57573	  54.32797	  69.08022	  84.29459	  99.50896	 115.29457	 131.08018	 147.32794	 163.57571	 180.00000
  25.00000	  39.66399	  54.32797	  69.31128	  84.29459	  99.79458	 115.29457	 131.31126	 147.32794	 163.66397	 180.00000
  25.00000	  39.66399	  54.48763	  69.31128	  84.55293	  99.79458	 115.55292	 131.31126	 147.48761	 163.66397	 180.00000
  25.00000	  39.74382	  54.48763	  69.52028	  84.55293	 100.05292	 115.55292	 131.52027	 147.48761	 163.74381	 180.00000
  25.00000	  39.74382	  54.63205	  69.52028	  84.78660	 100.05292	 115.78660	 131.52027	 147.63204	 163.74381	 180.00000
  25.00000	  39.81602	  54.63205	  69.70933	  84.78660	 100.28660	 115.78660	 131.70932	 147.63204	 163.81602	 180.00000
  25.00000	  39.81602	  54.76268	  69.70933	  84.99796	 100.28660	 115.99796	 131.70932	 147.76267	 163.81602	 180.00000
  25.00000	  39.88134	  54.76268	  69.88032	  84.99796	 100.49796	 115.99796	 131.88031	 147.76267	 163.88133	 180.00000
  25.00000	  39.88134	  54.88083	  69.88032	  85.18914	 100.49796	 116.18914	 131.88031	 147.88082	 163.88133	 180.00000
  25.00000	  39.94041	  54.88083	  70.03498	  85.18914	 100.68914	 116.18914	 132.03498	 147.88082	 163.94041	 180.00000
  25.00000	  39.94041	  54.98770	  70.03498	  85.36206	 100.68914	 116.36206	 132.03498	 147.98770	 163.94041	 180.00000
  25.00000	  39.99385	  54.98770	  70.17488	  85.36206	 100.86206	 116.36206	 132.17488	 147.98770	 163.99385	 180.00000
  25.00000	  39.99385	  55.08436	  70.17488	  85.51847	 100.86206	 116.51847	 132.17488	 148.08436	 163.99385	 180.00000
  25.00000	  40.04218	  55.08436	  70.30142	  85.51847	 101.01847	 116.51847	 132.30142	 148.08436	 164.04218	 180.00000
  25.00000	  40.04218	  55.17180	  70.30142	  85.65994	 101.01847	 116.65994	 132.30142	 148.17180	 164.04218	 180.00000
  25.00000	  40.08590	  55.17180	  70.41587	  85.65994	 101.15994	 116.65994	 132.41587	 148.17180	 164.08590	 180.00000
  25.00000	  40.08590	  55.25089	  70.41587	  85.78791	 101.15994	 116.78791	 132.41587	 148.25088	 164.08590	 180.00000
  25.00000	  40.12544	  55.25089	  70.51940	  85.78791	 101.28791	 116.78791	 132.51940	 148.25088	 164.12544	 180.00000
  25.00000	  40.12544	  55.32242	  70.51940	  85.90365	 101.28791	 116.90365	 132.51940	 148.32242	 164.12544	 180.00000
  25.00000	  40.16121	  55.32242	  70.61304	  85.90365	 101.40365	 116.90365	 132.61304	 148.32242	 164.16121	 180.00000
  25.00000	  40.16121	  55.38712	  70.61304	  86.00834	 101.40365	 117.00834	 132.61304	 148.38712	 164.16121	 180.00000
  25.00000	  40.19356	  55.38712	  70.69773	  86.00834	 101.50834	 117.00834	 132.69773	 148.38712	 164.19356	 180.00000
  25.00000	  40.19356	  55.44565	  70.69773	  86.10304	 101.50834	 117.10304	 132.69773	 148.44565	 164.19356	 180.00000
  25.00000	  40.22282	  55.44565	  70.77434	  86.10304	 101.60304	 117.10304	 132.77434	 148.44565	 164.22282	 180.00000
  25.00000	  40.22282	  55.49858	  70.77434	  86.18869	 101.60304	 117.18869	 132.77434	 148.49858	 164.22282	 180.00000
  25.00000	  40.24929	  55.49858	  70.84364	  86.18869	 101.68869	 117.18869	 132.84364	 148.49858	 164.24929	 180.00000
  25.00000	  40.24929	  55.54646	  70.84364	  86.26616	 101.68869	 117.26616	 132.84364	 148.54646	 164.24929	 180.00000
  25.00000	  40.27323	  55.54646	  70.90631	  86.26616	 101.76616	 117.26616	 132.90631	 148.54646	 164.27323	 180.00000
  25.00000	  40.27323	  55.58977	  70.90631	  86.33624	 101.76616	 117.33624	 132.90631	 148.58977	 164.27323	 180.00000
  25.00000	  40.29489	  55.58977	  70.96301	  86.33624	 101.83624	 117.33624	 132.96301	 148.58977	 164.29489	 180.00000
  25.00000	  40.29489	  55.62895	  70.96301	  86.39962	 101.83624	 117.39962	 132.96301	 148.62895	 164.29489	 180.00000
  25.00000	  40.31447	  55.62895	  71.01428	  86.39962	 101.89962	 117.39962	 133.01428	 148.62895	 164.31447	 180.00000
  25.00000	  40.31447	  55.66438	  71.01428	  86.45695	 101.89962	 117.45695	 133.01428	 148.66438	 164.31447	 180.00000
  25.00000	  40.33219	  55.66438	  71.06067	  86.45695	 101.95695	 117.45695	 133.06067	 148.66438	 164.33219	 180.00000
  25.00000	  40.33219	  55.69643	  71.06067	  86.50881	 101.95695	 117.50881	 133.06067	 148.69643	 164.33219	 180.00000
  25.00000	  40.34821	  55.69643	  71.10262	  86.50881	 102.00881	 117.50881	 133.10262	 148.69643	 164.34821	 180.00000
  25.00000	  40.34821	  55.72542	  71.10262	  86.55571	 102.00881	 117.55571	 133.10262	 148.72542	 164.34821	 180.00000
  25.00000	  40.36271	  55.72542	  71.14057	  86.55571	 102.05571	 117.55571	 133.14057	 148.72542	 164.36271	 180.00000
  25.00000	  40.36271	  55.75164	  71.14057	  86.59814	 102.05571	 117.59814	 133.14057	 148.75164	 164.36271	 180.00000
  25.00000	  40.37582	  55.75164	  71.17489	  86.59814	 102.09814	 117.59814	 133.17489	 148.75164	 164.37582	 180.00000
  25.00000	  40.37582	  55.77535	  71.17489	  86.63651	 102.09814	 117.63651	 133.17489	 148.77535	 164.37582	 180.00000
  25.00000	  40.38768	  55.77535	  71.20593	  86.63651	 102.13651	 117.63651	 133.20593	 148.77535	 164.38768	 180.00000
  25.00000	  40.38768	  55.79681	  71.20593	  86.67122	 102.13651	 117.67122	 133.20593	 148.79681	 164.38768	 180.00000
  25.00000	  40.39840	  55.79681	  71.23401	  86.67122	 102.17122	 117.67122	 133.23401	 148.79681	 164.39840	 180.00000
  25.00000	  40.39840	  55.81621	  71.23401	  86.70262	 102.17122	 117.70262	 133.23401	 148.81621	 164.39840	 180.00000
  25.00000	  40.40810	  55.81621	  71.25941	  86.70262	 102.20262	 117.70262	 133.25941	 148.81621	 164.40810	 180.00000
  25.00000	  40.40810	  55.83376	  71.25941	  86.73102	 102.20262	 117.73102	 133.25941	 148.83376	 164.40810	 180.00000
